00   0.00000     1.00000000 
01   0.00000     1.00000000 
02   0.00000     1.00000000 
03   0.00000     1.00000000 
04   0.00000     1.00000000 
05   0.00000     1.00000000 
06   0.00000     1.00000000 
07   0.00000     1.00000000 
08   0.00000     1.00000000 
09   0.00000     1.00000000 
10   0.00000     1.00000000 
11   0.00000     1.00000000 
12   0.00000     1.00000000 
13   0.00000     1.00000000 
14   0.00000     1.00000000 
15   0.00000     1.00000000 
16   0.00000     1.00000000 
17   0.00000     1.00000000 
18   0.00000     1.00000000 
19   0.00000     1.00000000 
20  -0.14975    0.99999559  
21  0.21043     0.99977589  
22  0.13574     0.99982327  
23  -0.42759    1.00026226  
24   0.00000     1.00000000 
25   0.00000     1.00000000 
26   0.00000     1.00000000 
27   0.00000     1.00000000 
28   0.00000     1.00000000 
29   0.00000     1.00000000 
30   0.00000     1.00000000 
31   0.00000     1.00000000 
32   0.00000     1.00000000 
33   0.00000     1.00000000 
34   0.00000     1.00000000 
35   0.00000     1.00000000 
36   0.00000     1.00000000 
37   0.00000     1.00000000 
38   0.00000     1.00000000 
39   0.00000     1.00000000 
40   0.00000     1.00000000 
41   0.00000     1.00000000 
42   0.00000     1.00000000 
43   0.00000     1.00000000 
44   0.00000     1.00000000 
45   0.00000     1.00000000 
46   0.00000     1.00000000 
47   0.00000     1.00000000 
48   0.00000     1.00000000 
49   0.00000     1.00000000 
50   0.00000     1.00000000 
51   0.00000     1.00000000 
52   0.00000     1.00000000 
53   0.00000     1.00000000 
54   0.00000     1.00000000 
55   0.00000     1.00000000 
56   0.00000     1.00000000 
57   0.00000     1.00000000 
58   0.00000     1.00000000 
59   0.00000     1.00000000 
60   0.00000     1.00000000 
61   0.00000     1.00000000 
62   0.00000     1.00000000 
63   0.00000     1.00000000 
96   0.00000     1.00000000 
97   0.00000     1.00000000 
98   0.00000     1.00000000 
99   0.00000     1.00000000 
100   0.00000     1.00000000 
101   0.00000     1.00000000 
102   0.00000     1.00000000 
103   0.00000     1.00000000 
104   0.00000     1.00000000 
105   0.00000     1.00000000 
106   0.00000     1.00000000 
107   0.00000     1.00000000 
108   0.00000     1.00000000 
109   0.00000     1.00000000 
110   0.00000     1.00000000 
111   0.00000     1.00000000 
112   0.00000     1.00000000 
113   0.00000     1.00000000 
114   0.00000     1.00000000 
115   0.00000     1.00000000 
116   0.00000     1.00000000 
117   0.00000     1.00000000 
118   0.00000     1.00000000 
119   0.00000     1.00000000 
120   0.00000     1.00000000 
121   0.00000     1.00000000 
122   0.00000     1.00000000 
123   0.00000     1.00000000 
124   0.00000     1.00000000 
125   0.00000     1.00000000 
126   0.00000     1.00000000 
127   0.00000     1.00000000 
128   0.00000     1.00000000 
129   0.00000     1.00000000 
130   0.00000     1.00000000 
131   0.00000     1.00000000 
132   0.00000     1.00000000 
133   0.00000     1.00000000 
134   0.00000     1.00000000 
135   0.00000     1.00000000 
136   0.00000     1.00000000 
137   0.00000     1.00000000 
138   0.00000     1.00000000 
139   0.00000     1.00000000 
140   0.00000     1.00000000 
141   0.00000     1.00000000 
142   0.00000     1.00000000 
143   0.00000     1.00000000 
144   0.00000     1.00000000 
145   0.00000     1.00000000 
146   0.00000     1.00000000 
147   0.00000     1.00000000 
148   0.00000     1.00000000 
149   0.00000     1.00000000 
150   0.00000     1.00000000 
151   0.00000     1.00000000 
152   0.00000     1.00000000 
153   0.00000     1.00000000 
154   0.00000     1.00000000 
155   0.00000     1.00000000 
156   0.00000     1.00000000 
157   0.00000     1.00000000 
158   0.00000     1.00000000 
159   0.00000     1.00000000 
