# Detector Types:
#  -- 0 -> NotUsed
#  -- 1 -> FIPPS Ge 
#  -- 2 -> IFIN Ge
#  -- 3 -> FIPPS AC
#  -- 4 -> IFIN AC
#  -- 5 -> Fission Tag
#  -- 6 -> LaBr3
#  -- 7 -> TAC
#
# In case of AC, CloverId -> Associated clover
#
# DetId:  0->3 for Ge
#         0    for IFIN AC
#         0->2 for FIPPS AC (Back, Front, Side)
#         id   for TAG, LaBr3, TAC
#
# GlobId is used mainly for histograming
#
#ADC    DetType     Clov/TAG Id    DetId      GlobId   TimeOffset    rangemin       rangemax
#TAG
#0 	      5 	      0        0	  80	      362  	   1	      32768		      

#FIPPS HPGe
0          0		    0	     0  	00	     -2     1	       32768		       
1	    0		    0	     1  	01	     -2     1	       32768		      
2	    0		    0	     2  	02	     -2     1	       32768		      
3 	    0		    0	     3  	03	      0     1	       32768		      
4	    0		    1	     0  	04	     -2     1	       32768		      
5	    0		    1	     1  	05	     -2     1	       32768		      
6	    0		    1	     2  	06	     -2     1	       32768		      
7	    0		    1	     3  	07	     -2     1	       32768		      
8 	    0		    2	     0  	08	      0    1	      32768		     
9 	    0		    2	     1  	09	     -2    1	      32768		     
10 	    0		    2	     2  	10	     -2    1	      32768		     
11	    0		    2	     3  	11	     -2    1	      32768		     
12	    0		    3	     0  	12	     -2    1	      32768		     
13 	    0		    3	     1  	13	     -2    1	      32768		     
14	    0		    3	     2  	14	     -2    1	      32768		     
15	    0		    3	     3  	15	     -2    1	      32768		     
16	    0		    4	     0  	16	     14     1	      32768		     
17	    0		    4	     1  	17	     14     1	       32768		      
18	    0		    4	     2  	18	     10     1	       32768		      
19	    0		    4	     3  	19	     14     1	       32768		      
20	    0		    5	     0  	20	     10     1	       32768		     
21	    0		    5	     1  	21	     14     1	       32768		     
22	    0		    5	     2  	22	     14     1	       32768		   
23	    0		    5	     3  	23	     10     1	       32768		   
24  	    0		    6	     0  	24	     10     1	       32768		    
25 	    0		    6	     1  	25	     10     1	       32768		    
26  	    0		    6	     2  	26	     10     1	       32768		    
27  	    0		    6	     3  	27	     10     1	       32768		    
28  	    0		    7	     0  	28	     14     1	       32768		    
29  	    0		    7	     1  	29	     10     1	       32768		    
30  	    0		    7	     2  	30	     10     1	       32768		    
31  	    0		    7	     3  	31	     10     1	       32768		    
							   
							   
#IFIN HPGe						   
32 	     0  	     8         0	 32	      6    1	      32768
33 	     0  	     8         1	 33	      6    1	      32768
34 	     0  	     8         2	 34	      2    1	      32768
35 	     0  	     8         3	 35	     10    1	      32768
36 	     0  	     9         0	 36	      6    1	      32768
37 	     0  	     9         1	 37	      6    1	      32768
38 	     0  	     9         2	 38	      2    1	      32768
39 	     0  	     9         3	 39	      6    1	      32768
40 	     0  	     10        0	 40	    -18    1	      32768
41 	     0  	     10        1	 41	      2    1	      32768
42 	     0  	     10        2	 42	      2    1	      32768
43 	     0  	     10        3	 43	      6    1	      32768
44 	     0  	     11        0	 44	     -2    1	      32768
45 	     0  	     11        1	 45	     -2    1	      32768
46 	     0  	     11        2	 46	      2    1	      32768
47 	    0		    11        3 	47 	     -2   1	     32768
48 	    0		    12        0 	48 	      2   1	     32768
49 	    0		    12        1 	49 	     -2   1	     32768
50 	    0		    12        2 	50 	      2   1	     32768
51 	    0		    12        3 	51 	    -14   1	     32768
52 	    0		    13        0 	52 	    -22   1	     32768
53 	    0		    13        1 	53 	    -22   1	     32768
54 	    0		    13        2 	54 	    -22   1	     32768
55 	    0		    13        3 	55 	      6   1	     32768
56 	    0		    14        0 	56 	      0   1	     32768 
57 	    0		    14        1 	57 	      0   1	     32768 
58 	    0		    14        2 	58 	      0   1	     32768 
59 	    0		    14        3 	59 	      0   1	     32768 
60 	    0		    15        0 	60 	      2   1	     32768 
61 	    0		    15        1 	61 	      2   1	     32768 
62 	    0		    15        2 	62 	     -6   1	     32768 
63 	    0		    15        3 	63   	     -2   1	    32768 
							   
							   
#FIPPS ACs						   
64	      0 	      0        0       72        30  1  	32768	 
65	      0 	      0        1       73        38  1  	32768	   
66	      0 	      0        2       74        38  1  	32768	   
67	      0 	      1        0       75        30  1  	32768	   
68	      0 	      1        1       76        26  1  	32768	   
69	      0 	      1        2       77        30  1  	32768	   
70	      0 	      2        0       78        34  1  	32768	   
71	      0 	      2        1       79        30  1  	32768	   
72	      0 	      2        2       80        14  1  	32768  
73	      0 	      3        0       81        26  1  	32768  
74	      0 	      3        1       82        30  1  	32768  
75	      0 	      3        2       83       -22  1  	32768	    
80	      0 	      4        0       84        30  1  	32768	    
81	      0 	      4        1       85         6  1  	32768	    
82	      0 	      4        2       86        26  1  	32768	    
83	      0 	      5        0       87        30  1  	32768	    
84	      0 	      5        1       88        10  1  	32768	    
85	      0 	      5        2       89        26  1  	32768	    
86	    0	    6	     0       90          30 1	       32768	  
87	     0		    6	     1       91          14 1	       32768	  
88	    0		    6	     2       92          30 1	       32768	  
89	    0		    7	     0       93          34 1	       32768	
90	    0		    7	     1       94          10 1	       32768	
91	    0		    7	     2       95          30 1	       32768	
					     
							     
							     
							     
							     
#IFIN ACs						     
76	      4 	   8         0	  	64       26	   1	      32768
77	      4 	   9         0	  	65       30	   1	      32768
78	      4 	   10        0	  	66       -2	   1	      32768
79 	      4		   11	     0  	67       30	   1	      32768
92	      4		   12	     0  	68       34   	   1	      32768
93	      4		   13	     0  	69       14    	   1	      32768
94	      4		   14	     0  	70       30   	   1 	      32768
95	      4		   15	     0  	71       34        1 	      32768

#FIPPS HPGe
96          1		    0	     0  	96  	      -2     1  	32768			
97	    1		    0	     1  	97  	      -2     1  	32768		       
98	    1		    0	     2  	98  	      -2     1  	32768		       
99 	    1		    0	     3  	99  	       0     1  	32768		       
100	1	1	0	100	-2	1	32768
101	1	1	1	101	-2	1	32768
102	1	1	2	102	-2	1	32768
103	1	1	3	103	-2	1	32768
104	1	2	0	104	0	1	32768
105	1	2	1	105	-2	1	32768
106	1	2	2	106	-2	1	32768
107	1	2	3	107	-2	1	32768
108	1	3	0	108	-2	1	32768
109	1	3	1	109	-2	1	32768
110	1	3	2	110	-2	1	32768
111	1	3	3	111	-2	1	32768
112	1	4	0	112	14	1	32768
113	1	4	1	113	14	1	32768
114	1	4	2	114	10	1	32768
115	1	4	3	115	14	1	32768
116	1	5	0	116	10	1	32768
117	1	5	1	117	14	1	32768
118	1	5	2	118	14	1	32768
119	1	5	3	119	10	1	32768
120	1	6	0	120	10	1	32768
121	1	6	1	121	10	1	32768
122	1	6	2	122	10	1	32768
123	1	6	3	123	10	1	32768
124	1	7	0	124	14	1	32768
125	1	7	1	125	10	1	32768
126	1	7	2	126	10	1	32768
127	1	7	3	127	10	1	32768
128	1	8	0	128	10	1	32768
129	1	8	1	129	10	1	32768
130	1	8	2	130	10	1	32768
131	1	8	3	131	10	1	32768
132	1	9	0	132	10	1	32768
133	1	9	1	133	10	1	32768
134	1	9	2	134	10	1	32768
135	1	9	3	135	10	1	32768
136	1	10	0	136	10	1	32768
137	1	10	1	137	10	1	32768
138	1	10	2	138	10	1	32768
139	1	10	3	139	10	1	32768
140	1	11	0	140	10	1	32768
141	1	11	1	141	10	1	32768
142	1	11	2	142	10	1	32768
143	1	11	3	143	10	1	32768
144	1	12	0	144	10	1	32768
145	1	12	1	145	10	1	32768
146	1	12	2	146	10	1	32768
147	1	12	3	147	10	1	32768
148	1	13	0	148	10	1	32768
149	1	13	1	149	10	1	32768
150	1	13	2	150	10	1	32768
151	1	13	3	151	10	1	32768
152	1	14	0	152	10	1	32768
153	1	14	1	153	10	1	32768
154	1	14	2	154	10	1	32768
155	1	14	3	155	10	1	32768
156	1	15	0	156	10	1	32768
157	1	15	1	157	10	1	32768
158	1	15	2	158	10	1	32768
159	1	15	3	159	10	1	32768





							   
