# Detector Types:
#  -- 0 -> NotUsed
#  -- 1 -> FIPPS Ge 
#  -- 2 -> IFIN Ge
#  -- 3 -> FIPPS AC
#  -- 4 -> IFIN AC
#  -- 5 -> Fission Tag
#  -- 6 -> LaBr3
#  -- 7 -> TAC
#
# In case of AC, CloverId -> Associated clover
#
# DetId:  0->3 for Ge
#         0    for IFIN AC
#         0->2 for FIPPS AC (Back, Front, Side)
#         id   for TAG, LaBr3, TAC
#
# GlobId is used mainly for histograming
#
#ADC    DetType     Clov/TAG Id    DetId      GlobId   TimeOffset    rangemin       rangemax
#TAG
#0 	      5 	      0        0	  80	      362  	   1	      32768		      

#FIPPS HPGe
0          1		    0	     0  	00	     -2     1	       32768		       
1	    1		    0	     1  	01	     -2     1	       32768		      
2	    1		    0	     2  	02	     -2     1	       32768		      
3 	    1		    0	     3  	03	      0     1	       32768		      
4	    1		    1	     0  	04	     -2     1	       32768		      
5	    1		    1	     1  	05	     -2     1	       32768		      
6	    1		    1	     2  	06	     -2     1	       32768		      
7	    1		    1	     3  	07	     -2     1	       32768		      
8 	    1		    2	     0  	08	      0    1	      32768		     
9 	    1		    2	     1  	09	     -2    1	      32768		     
10 	    1		    2	     2  	10	     -2    1	      32768		     
11	    1		    2	     3  	11	     -2    1	      32768		     
12	    1		    3	     0  	12	     -2    1	      32768		     
13 	    1		    3	     1  	13	     -2    1	      32768		     
14	    1		    3	     2  	14	     -2    1	      32768		     
15	    1		    3	     3  	15	     -2    1	      32768		     
16	    1		    4	     0  	16	     14     1	      32768		     
17	    1		    4	     1  	17	     14     1	       32768		      
18	    1		    4	     2  	18	     10     1	       32768		      
19	    1		    4	     3  	19	     14     1	       32768		      
20	    1		    5	     0  	20	     10     1	       32768		     
21	    1		    5	     1  	21	     14     1	       32768		     
22	    1		    5	     2  	22	     14     1	       32768		   
23	    1		    5	     3  	23	     10     1	       32768		   
24  	    1		    6	     0  	24	     10     1	       32768		    
25 	    1		    6	     1  	25	     10     1	       32768		    
26  	    1		    6	     2  	26	     10     1	       32768		    
27  	    1		    6	     3  	27	     10     1	       32768		    
28  	    1		    7	     0  	28	     14     1	       32768		    
29  	    1		    7	     1  	29	     10     1	       32768		    
30  	    1		    7	     2  	30	     10     1	       32768		    
31  	    1		    7	     3  	31	     10     1	       32768		    
							   
							   
#IFIN HPGe						   
32 	     2  	     8         0	 32	      6    1	      32768
33 	     2  	     8         1	 33	      6    1	      32768
34 	     2  	     8         2	 34	      2    1	      32768
35 	     2  	     8         3	 35	     10    1	      32768
36 	     2  	     9         0	 36	      6    1	      32768
37 	     2  	     9         1	 37	      6    1	      32768
38 	     2  	     9         2	 38	      2    1	      32768
39 	     2  	     9         3	 39	      6    1	      32768
40 	     2  	     10        0	 40	    -18    1	      32768
41 	     2  	     10        1	 41	      2    1	      32768
42 	     2  	     10        2	 42	      2    1	      32768
43 	     2  	     10        3	 43	      6    1	      32768
44 	     2  	     11        0	 44	     -2    1	      32768
45 	     2  	     11        1	 45	     -2    1	      32768
46 	     2  	     11        2	 46	      2    1	      32768
47 	    2		    11        3 	47 	     -2   1	     32768
48 	    2		    12        0 	48 	      2   1	     32768
49 	    2		    12        1 	49 	     -2   1	     32768
50 	    2		    12        2 	50 	      2   1	     32768
51 	    2		    12        3 	51 	    -14   1	     32768
52 	    2		    13        0 	52 	    -22   1	     32768
53 	    2		    13        1 	53 	    -22   1	     32768
54 	    2		    13        2 	54 	    -22   1	     32768
55 	    2		    13        3 	55 	      6   1	     32768
56 	    2		    14        0 	56 	      0   1	     32768 
57 	    2		    14        1 	57 	      0   1	     32768 
58 	    2		    14        2 	58 	      0   1	     32768 
59 	    2		    14        3 	59 	      0   1	     32768 
60 	    2		    15        0 	60 	      2   1	     32768 
61 	    2		    15        1 	61 	      2   1	     32768 
62 	    2		    15        2 	62 	     -6   1	     32768 
63 	    2		    15        3 	63   	     -2   1	    32768 
							   
							   
#FIPPS ACs						   
64	      3 	      0        0       72        30  1  	32768	 
65	      3 	      0        1       73        38  1  	32768	   
66	      3 	      0        2       74        38  1  	32768	   
67	      3 	      1        0       75        30  1  	32768	   
68	      3 	      1        1       76        26  1  	32768	   
69	      3 	      1        2       77        30  1  	32768	   
70	      3 	      2        0       78        34  1  	32768	   
71	      3 	      2        1       79        30  1  	32768	   
72	      3 	      2        2       80        14  1  	32768  
73	      3 	      3        0       81        26  1  	32768  
74	      3 	      3        1       82        30  1  	32768  
75	      3 	      3        2       83       -22  1  	32768	    
80	      3 	      4        0       84        30  1  	32768	    
81	      3 	      4        1       85         6  1  	32768	    
82	      3 	      4        2       86        26  1  	32768	    
83	      3 	      5        0       87        30  1  	32768	    
84	      3 	      5        1       88        10  1  	32768	    
85	      3 	      5        2       89        26  1  	32768	    
86	    3		    6	     0       90          30 1	       32768	  
87	    3		    6	     1       91          14 1	       32768	  
88	    3		    6	     2       92          30 1	       32768	  
89	    3		    7	     0       93          34 1	       32768	
90	    3		    7	     1       94          10 1	       32768	
91	    3		    7	     2       95          30 1	       32768	
							     
							     
							     
							     
							     
#IFIN ACs						     
76	      4 	   8         0	  	64       26	   1	      32768
77	      4 	   9         0	  	65       30	   1	      32768
78	      4 	   10        0	  	66       -2	   1	      32768
79 	      4		   11	     0  	67       30	   1	      32768
92	      4		   12	     0  	68       34   	   1	      32768
93	      4		   13	     0  	69       14    	   1	      32768
94	      4		   14	     0  	70       30   	   1 	      32768
95	      4		   15	     0  	71       34        1 	      32768
